TOJ DE FHI 5335KCS 230712T USM-99/00069
6516 1223 0600 2110 0611 6869 5609 8323

80808 10893 70985 29674 37389 37095 04442 49341 62275 98339
34934 37286 92955 83346 98666 15335 81989 78287 62141 35598
91725 99887 72962 43889 30774 79346 95819 72876 41471 97534
23339 93791 44579 96135 93493 12989 15959 79149 27173 19299
64852 69585 94771 73195 06499 33856 47173 19106 44699 39647
17319 90646 86535 99341 95317 64717 31970 64933 40974 19237
62769 74791 31334 89330 12989 73132 33509 74647 17319 80643
31309 34351 92376 27697 47913 13348 93301 29897 31323 35097
46400 80808 10893
