FHI DE FBP 4105KCS 231820T USM-99/00359
5068 4023 1735 6530 4257 4122 8327 8320

80808 74793 46985 29293 34311 34195 56995 06732 34363 09091
47956 28930 91479 09147 95257 19556 99729 55114 27774 15937
91445 79227 35979 02217 31398 59472 94411 22346 23605 13422
98947 68537 44195 57696 78785 82833 55946 99396 28723 51282
19707 08783 35269 88158 80669 83733 79169 22739 51774 29892
36507 83227 38973 79897 86769 19744 47479 34692 93443 43180
19729 55119 15959 79141 50722 73780 92869 44594 74376 06677
76279 31932 27384 11932 33142 89345 37657 94137 77201 89799
60900 80808 74793
