lprint(`Next certificate`):
[
 [
100000000000000000039,
1, 1,
  [
[
53
, 1]
,
[
41
, 1]
,
[
7
, 1]
,
[
5
, 1]
,
[
2
, 3]
  ]
,
5,
  [
1
,
1
,
1
,
1
,
1
,
10
  ]
 ],
 [
164354743277891,
-1, 1,
  [
[
7207
, 1]
,
[
1733
, 1]
,
[
227
, 1]
,
[
31
, 1]
,
[
17
, 1]
,
[
11
, 1]
,
[
5
, 1]
,
[
2
, 1]
  ]
,
  [
2
,
2
,
2
,
2
,
2
,
2
,
2
,
2
  ]
 ],
 [
7207,
-1, 3,
  [
[
3
, 1]
,
[
2
, 1]
  ]
,
  [
3
  ]
 ],
 [
1201,
-1, 1,
  [
[
5
, 2]
,
[
3
, 1]
,
[
2
, 4]
  ]
,
  [
11
,
11
,
11
  ]
 ],
[5,
-1, 0, [5, 2, [
[2, 1]
]
]
]]:
CheckCertificate(");
