Newsgroups: sci.crypt
Path: msuinfo!agate!usenet.ins.cwru.edu!ns.mcs.kent.edu!kira.cc.uakron.edu!malgudi.oar.net!chemabs!usenet
From: jac55@cas.org ()
Subject: WWII book cipher challenge text
Message-ID: <1994May4.113418.17071@chemabs.uucp>
Sender: usenet@chemabs.uucp
Reply-To: jac55@cas.org
Organization: Chemical Abstracts Service
Date: Wed, 4 May 1994 11:34:18 GMT
Lines: 50


	This is three paragraphs of Jane Austen encrypted by the
	book cipher described in my previous post.  This was
	done by hand with the aid of a couple of bottles of
	Anchor Steam so there may be a couple of arithmetical
	and transcription errors, but I doubt that they will prevent
	solution.  In addition, each paragraph is ended with the
	term "para."   The message 2550 bytes, which is somewhat
	longer than most messages encrypted by this system.
	
	Alec
	
56003 79954 75718 54703 37301 48727 44690 79079 66196 20423 15912 35343
85848 86043 91439 98690 29186 07229 24829 09364 03137 48796 59337 78159
41151 00155 54124 54103 07659 81242 92939 81346 64432 39417 74897 04907
16182 27591 16506 84562 52525 53326 88601 30633 88000 29093 01756 92326
74079 70345 28009 28949 33819 77967 00289 83151 50710 01544 72001 41283
40000 49118 97836 87620 60558 07163 95596 35268 45705 78245 59436 05897
48738 16839 78804 23409 03289 96595 68418 13949 45846 72676 71214 70751
85650 87998 76059 55369 76815 11511 26561 42763 32809 96450 66444 92848
60269 46597 28852 45844 91488 39374 76672 63246 94051 07600 65026 78286
61709 02342 73828 36228 92998 62307 62163 04946 23555 46107 52629 89671
07637 45442 24314 99644 53629 79682 96218 01138 42977 14613 50172 85547
03407 94789 89795 24856 71725 76852 43871 62703 04683 68144 94088 11106
08156 10981 65314 00405 86418 78469 89113 57563 34890 18560 89793 54333
15825 88670 38796 30525 58916 46644 97441 93548 70827 15929 36846 51306
05387 15898 07381 49613 86947 71993 11873 16679 77443 95490 41928 34551
93838 74892 99123 69010 10576 73544 94251 19381 69577 41354 43453 31455
93802 61484 86784 79146 41590 75554 86130 90026 31803 62758 08156 56691
36556 04792 45048 76953 02576 30353 01051 94219 96161 22518 01786 19740
50494 19547 25414 63626 79181 31267 35152 30673 17651 29947 75032 70141
89689 23386 77116 89471 72034 73789 54169 97313 09289 21545 99747 29210
13629 30140 47073 42224 98974 03731 83930 51262 95043 78534 15416 95539
51605 16786 24701 51240 36755 52932 46191 80457 76011 01615 87488 17151
42045 72109 62909 48654 08694 78965 11341 26897 56517 52742 05209 09825
35795 87570 14877 36919 14357 71379 11529 85437 86738 14325 82892 74104
63644 64275 48035 50785 72946 17360 31980 69067 48778 14469 11069 69817
15220 54301 44005 61709 18616 89518 94147 99104 40664 57410 30514 83038
32828 36964 24111 16895 89329 35102 61912 34581 39021 78955 96488 77084
29484 48802 11727 20970 26058 12380 69504 74588 97165 66141 33983 87898
92237 96954 78650 02130 56444 27368 47941 81803 01561 90365 07767 83550
13446 44524 85705 87793 89102 79949 99031 09711 73780 16135 88146 05979
78276 02400 00322 46485 15921 72306 27113 11899 79089 05108 04975 34090
86208 92644 07146 82184 60628 97888 24466 57887 21275 40044 08339 11360
00260 53988 46479 00038 24040 30892 82142 31495 94963 10066 98768 82063
19580 32314 77991 93418 96631 34220 89924 51018 57011 85143 81289 75339
98525 88427 11257 14579 71148 13263 16726 18660 24438 65084 20743 39943
98581 14832 66134 13442 42320


