317,  8,    92,   73,   112,  89,   67,   318,  28,   96,   /*  10 */
107,  41,   631,  78,   146,  397,  118,  98,   114,  246,  /*  20 */
348,  116,  74,   88,   12,   65,   32,   14,   81,   19,   /*  30 */
76,   121,  216,  85,   33,   66,   15,   108,  68,   77,   /*  40 */
43,   24,   122,  96,   117,  36,   211,  301,  15,   44,   /*  50 */
11,   46,   89,   18,   136,  68,   317,  28,   90,   82,   /*  60 */
304,  71,   43,   221,  198,  176,  310,  319,  81,   99,   /*  70 */
264,  380,  56,   37,   319,  2,    44,   53,   28,   44,   /*  80 */
75,   98,   102,  37,   85,   107,  117,  64,   88,   136,  /*  90 */
48,   151,  99,   175,  89,   315,  326,  78,   96,   214,  /* 100 */
218,  311,  43,   89,   51,   90,   75,   128,  96,   33,   /* 110 */
28,   103,  84,   65,   26,   41,   246,  84,   270,  98,   /* 120 */
116,  32,   59,   74,   66,   69,   240,  15,   8,    121,  /* 130 */
20,   77,   89,   31,   11,   106,  81,   191,  224,  328,  /* 140 */
18,   75,   52,   82,   117,  201,  39,   23,   217,  27,   /* 150 */
21,   84,   35,   54,   109,  128,  49,   77,   88,   1,    /* 160 */
81,   217,  64,   55,   83,   116,  251,  269,  311,  96,   /* 170 */
54,   32,   120,  18,   132,  102,  219,  211,  84,   150,  /* 180 */
219,  275,  312,  64,   10,   106,  87,   75,   47,   21,   /* 190 */
29,   37,   81,   44,   18,   126,  115,  132,  160,  181,  /* 200 */
203,  76,   81,   299,  314,  337,  351,  96,   11,   28,   /* 210 */
97,   318,  238,  106,  24,   93,   3,    19,   17,   26,   /* 220 */
60,   73,   88,   14,   126,  138,  234,  286,  297,  321,  /* 230 */
365,  264,  19,   22,   84,   56,   107,  98,   123,  111,  /* 240 */
214,  136,  7,    33,   45,   40,   13,   28,   46,   42,   /* 250 */
107,  196,  227,  344,  198,  203,  247,  116,  19,   8,    /* 260 */
212,  230,  31,   6,    328,  65,   48,   52,   59,   41,   /* 270 */
122,  33,   117,  11,   18,   25,   71,   36,   45,   83,   /* 280 */
76,   89,   92,   31,   65,   70,   83,   96,   27,   33,   /* 290 */
44,   50,   61,   24,   112,  136,  149,  176,  180,  194,  /* 300 */
143,  171,  205,  296,  87,   12,   44,   51,   89,   98,   /* 310 */
34,   41,   208,  173,  66,   9,    35,   16,   95,   8,    /* 320 */
113,  175,  90,   56,   203,  19,   177,  183,  206,  157,  /* 330 */
200,  218,  260,  291,  305,  618,  951,  320,  18,   124,  /* 340 */
78,   65,   19,   32,   124,  48,   53,   57,   84,   96,   /* 350 */
207,  244,  66,   82,   119,  71,   11,   86,   77,   213,  /* 360 */
54,   82,   316,  245,  303,  86,   97,   106,  212,  18,   /* 370 */
37,   15,   81,   89,   16,   7,    81,   39,   96,   14,   /* 380 */
43,   216,  118,  29,   55,   109,  136,  172,  213,  64,   /* 390 */
8,    227,  304,  611,  221,  364,  819,  375,  128,  296,  /* 400 */
1,    18,   53,   76,   10,   15,   23,   19,   71,   84,   /* 410 */
120,  134,  66,   73,   89,   96,   230,  48,   77,   26,   /* 420 */
101,  127,  936,  218,  439,  178,  171,  61,   226,  313,  /* 430 */
215,  102,  18,   167,  262,  114,  218,  66,   59,   48,   /* 440 */
27,   19,   13,   82,   48,   162,  119,  34,   127,  139,  /* 450 */
34,   128,  129,  74,   63,   120,  11,   54,   61,   73,   /* 460 */
92,   180,  66,   75,   101,  124,  265,  89,   96,   126,  /* 470 */
274,  896,  917,  434,  461,  235,  890,  312,  413,  328,  /* 480 */
381,  96,   105,  217,  66,   118,  22,   77,   64,   42,   /* 490 */
12,   7,    55,   24,   83,   67,   97,   109,  121,  135,  /* 500 */
181,  203,  219,  228,  256,  21,   34,   77,   319,  374,  /* 510 */
382,  675,  684,  717,  864,  203,  4,    18,   92,   16,   /* 520 */
63,   82,   22,   46,   55,   69,   74,   112,  134,  186,  /* 530 */
175,  119,  213,  416,  312,  343,  264,  119,  186,  218,  /* 540 */
343,  417,  845,  951,  124,  209,  49,   617,  856,  924,  /* 550 */
936,  72,   19,   28,   11,   35,   42,   40,   66,   85,   /* 560 */
94,   112,  65,   82,   115,  119,  236,  244,  186,  172,  /* 570 */
112,  85,   6,    56,   38,   44,   85,   72,   32,   47,   /* 580 */
63,   96,   124,  217,  314,  319,  221,  644,  817,  821,  /* 590 */
934,  922,  416,  975,  10,   22,   18,   46,   137,  181,  /* 600 */
101,  39,   86,   103,  116,  138,  164,  212,  218,  296,  /* 610 */
815,  380,  412,  460,  495,  675,  820,  952               /* 618 */
