Newsgroups: sci.crypt
Path: msuinfo!caen!uwm.edu!cs.utexas.edu!qt.cs.utexas.edu!yale.edu!ira.uka.de!math.fu-berlin.de!news.netmbx.de!Germany.EU.net!mcsun!fuug!anon
From: an8785@anon.penet.fi (Tesuji)
Subject: 8 February 1993
Message-ID: <1993Feb10.170954.2819@fuug.fi>
Sender: anon@fuug.fi (The Anon Administrator)
Organization: Anonymous contact service
X-Anonymously-To: sci.crypt
Date: Mon, 8 Feb 1993 18:34:36 GMT
Lines: 62


3003840578 3232012680 4892684369 7473228601 2141490080
7156174615 3445591631 1855779298 3459590564 2378837363
0194371921 4008575649 5701794024 4369671406 1253582440
7884459807 4775488937 7008139818 1129915009 8081135962
3968356559 5557794497 4709776081 7669341873 9193348149
6919858597 5244433489 5478462690 4554661370 0413308478
6236714340 0198783253 8968556809 6015439616 2561240309
6149946512 3856554577 6878433420 6165717624 9065683594
2870787268 4124850264 9016715115 3114552370 6130494107
6076221196 6359069791 9082694834 5058632869 9983428427

7528854003 3230128502 9754941865 1009155060 9794144229
5402257743 7294724568 3212779631 0571091033 5526077390
2310171203 1638228934 4585911422 0974448837 6934208089
0437025057 7014291169 2782489450 9308181790 6954893124
8132471464 5626391141 3067902959 9596455620 4369360850
0673611434 0392729746 9364510736 3959812766 3203928426
3570590039 7973945953 2366312165 8387025328 8691533773
7156810606 7897164485 6335506308 9537402079 5044420391
2314156874 3180804425 4460602555 7603487111 8428495795
9362553633 1473690060 0562027236 7867681469 4975164839

2576256432 6492053666 2342548335 1465252370 0829272154
8053326092 3644699940 1062471939 9401910812 8518556263
5019061965 9594327402 9291990708 2345086264 6881018239
7979384545 3252075482 9307450869 8154323160 4905293512
5658761151 2326362967 6481115770 5752331218 3762276032
7207688270 3603739547 0734439261 2396072871 5370717530
5330608619 9677060006 1966683255 2460692638 1357565504
9257221892 6201871650 4366833392 2351640952 2245098089
3528554279 1407889475 6917579125 7239291666 2814168751
2525656176 1629074661 0514835043 8123227977 7223781621

1401252492 5094815630 9805351604 0925911975 2307365054
5305225582 6304724341 4441720657 1806392406 7131721378
0458682412 1306173873 1809100249 4585844715 1011697956
1395974452 9470420299 4499570716 6916877832 0845751320
0391492846 0254438626 0863709309 5141843551 1667005669
8380308860 7679580336 9106520437 8774327113 7068242904
2362075482 1349175686 4647281487 3791296708 0395531678
0843838529 2399400008 9481172555 7070888366 1301543062
1383976208 3019176616 2782684651 8286561839 6983966811
9752466871 4377750008 0693364530 7254968902 1899231229

8314486775 7379681334 5843328825 4029097867 9232564697
3332849633 1011743544 7977017430 3867234139 8297590678
1944947496 8937757189 0193424462 2933803555 1767253831
7779896936 0437377728 8890186110 7282785155 6856224344
2608933543 4792269510 2388683253 8291542708 1492142493
7468400413 0179357912 3279772585 5086774543 5821807497
8753610008 8874535066 7292854671 9291158542 4427582820
5467521404 1259243910 6648698331 1835525070 1615621216
6510083438 8739251202 2274784467 2058453244 4348744836
2875502940 1809513132 5446948097 6920076715 5842811077

-------------------------------------------------------------------------
To find out more about the anon service, send mail to help@anon.penet.fi.
Due to the double-blind system, any replies to this message will be anonymized,
and an anonymous id will be allocated automatically. You have been warned.
Please report any problems, inappropriate use etc. to admin@anon.penet.fi.
*IMPORTANT server security update*, mail to update@anon.penet.fi for details.
