0	1830	30
1	1600	30
2	1930	30
3	1630	30
4	1530	30
5	1730	30
6	1800	30
7	1430	30
8	1900	30
9	1700	60
10	1400	30
11	2030	30
12	1700	30
13	1600	120
14	2000	30
15	1500	30
16	2000	120
17	2100	120
18	2000	60
19	1800	120
20	1900	60
21	2200	60
22	2100	60
23	1400	120
24	1500	60
25	2200	120
26	1130	30
27	1100	30
28	2300	30
29	1600	60
30	2100	90
31	2100	30
32	1230	30
33	1330	30
34	930	30
35	1300	60
36	2130	30
37	1200	60
38	1000	120
39	1800	60
40	2200	30
41	1200	30
42	800	30
43	830	30
44	1700	120
45	900	30
46	2230	30
47	1030	30
48	1900	120
49	730	30
50	2300	60
51	1000	60
52	700	30
53	1300	30
54	700	120
55	1100	60
56	1400	60
57	1000	30
58	800	120
59	2330	30
60	1300	120
61	1200	120
62	900	120
63	630	30
64	1800	90
65	600	30
66	530	30
67	0	30
68	2330	120
69	2200	90
70	1300	90
71	900	60
72	1630	90
73	1600	90
74	1430	90
75	2000	90
76	1830	90
77	600	60
78	1200	90
79	30	30
80	130	120
81	0	60
82	1700	90
83	0	120
84	800	60
85	700	60
86	2130	120
87	500	30
88	1530	90
89	1130	120
90	1100	120
91	830	90
92	2230	90
93	900	90
94	2130	90
95	1630	120
96	2330	60
97	100	120
98	1400	90
99	130	30
100	330	120
101	1500	90
102	1500	120
103	2300	120
104	1900	90
105	800	90
106	430	30
107	300	30
108	1330	120
109	1000	90
110	700	90
111	100	30
112	2330	90
113	330	30
114	200	30
115	2230	120
116	400	30
117	600	120
118	400	120
119	230	30
120	630	90
121	30	60
122	2230	60
123	100	60
124	30	120
125	2300	90
126	1630	60
127	830	60
128	0	90
129	1930	120
130	930	120
131	2030	90
132	500	60
133	1730	60
134	200	120
135	1930	90
136	930	90
137	1730	120
138	630	120
139	1830	60
140	1430	60
141	1130	90
142	30	90
143	830	120
144	1030	90
145	1430	120
146	100	90
147	730	120
148	2030	120
149	300	90
150	300	120
151	1330	90
152	1230	90
153	230	90
154	2130	60
155	1130	60
156	1830	120
157	630	60
158	530	60
159	200	60
160	1530	120
161	730	60
162	600	90
163	1730	90
164	400	60
165	730	90
166	430	90
167	430	60
168	130	90
169	1230	120
170	130	60
171	230	120
172	1930	60
173	300	60
174	1030	120
175	200	90
176	330	60
177	500	120
178	930	60
179	230	60
180	2030	60
181	400	90
182	1530	60
183	430	120
184	1330	60
185	1230	60
186	330	90
187	1030	60
188	500	90
189	530	120
190	530	90
191	1100	90
# 30 min progs on QHB (complete)
192	15	30	g
193	45	30	g
194	115	30	g
195	145	30	g
196	215	30	g
197	245	30	g
198	315	30
199	345	30	g
200	415	30	g
201	445	30	g
202	515	30	g
203	545	30	g
204	615	30	g
205	645	30	g
206	715	30	g
207	745	30	g
208	815	30	g
209	845	30	g
210	915	30	g
211	945	30
212	1015	30
213	1045	30	g
214	1115	30
215	1145	30
216	1215	30	g
217	1245	30
218	1315	30
219	1345	30
220	1415	30
221	1445	30
222	1515	30
223	1545	30	g
224	1615	30
225	1645	30	g
226	1715	30
227	1745	30
228	1815	30
229	1845	30
230	1915	30
231	1945	30	g
232	2015	30	g
233	2045	30	g
234	2115	30	g
235	2145	30	g
236	2215	30	g
237	2245	30	g
238	2315	30	g
239	2345	30	g
# 1hr progs on QHB (complete)
240	15	60	g
241	45	60	g
242	115	60	g
243	145	60
244	215	60
245	245	60	g
246	315	60	g
247	345	60	g
248	415	60	g
249	445	60	g
250	515	60	g
251	545	60	g
252	615	60	g
253	645	60	g
254	715	60	g
255	745	60	g
256	815	60
257	845	60	g
258	915	60	g
259	945	60	g
260	1015	60	g
261	1045	60
262	1115	60	g
263	1145	60
264	1215	60	g
265	1245	60	g
266	1315	60	g
267	1345	60	g
268	1415	60	g
269	1445	60	g
270	1515	60	g
271	1545	60	g
272	1615	60
273	1645	60	g
274	1715	60
275	1745	60	g
276	1815	60	g
277	1845	60	g
278	1915	60	g
279	1945	60	g
280	2015	60	g
281	2045	60	g
282	2115	60	g
283	2145	60	g
284	2215	60
285	2245	60	g
286	2315	60
287	2345	60	g
# 90 min progs on QHB (complete)
288	15	90
289	45	90	g
290	115	90	g
291	145	90	g
292	215	90	g
293	245	90
294	315	90	g
295	345	90	g
296	415	90	g
297	445	90	g
298	515	90	g
299	545	90	g
300	615	90	g
301	645	90	g
302	715	90	g
303	745	90	g
304	815	90	g
305	845	90	g
306	915	90	g
307	945	90	g
308	1015	90	g
309	1045	90	g
310	1115	90	g
311	1145	90	g
312	1215	90
313	1245	90	g
314	1315	90	g
315	1345	90	g
316	1415	90	g
317	1445	90	g
318	1515	90	g
319	1545	90	g
320	1615	90	g
321	1645	90	g
322	1715	90	g
323	1745	90	g
324	1815	90	g
325	1845	90	g
326	1915	90	g
327	1945	90	g
328	2015	90	g
329	2045	90	g
330	2115	90	g
331	2145	90	g
332	2215	90	g
333	2245	90
334	2315	90	g
335	2345	90	g
# 120 min progs on QHB (complete)
336	15	120	g
337	45	120	g
338	115	120	g
339	145	120	g
340	215	120	g
341	245	120	g
342	315	120	g
343	345	120	g
344	415	120	g
345	445	120	g
346	515	120	g
347	545	120	g
348	615	120	g
349	645	120	g
350	715	120	g
351	745	120	g
352	815	120	g
353	845	120	g
354	915	120	g
355	945	120	g
356	1015	120	g
357	1045	120	g
358	1115	120	g
359	1145	120	g
360	1215	120	g
361	1245	120	g
362	1315	120	g
363	1345	120	g
364	1415	120	g
365	1445	120	g
366	1515	120	
367	1545	120	g
368	1615	120	g
369	1645	120	g
370	1715	120	g
371	1745	120	g
372	1815	120	g
373	1845	120	g
374	1915	120	g
375	1945	120
376	2015	120	g
377	2045	120	g
378	2115	120	g
379	2145	120	g
380	2215	120	g
381	2245	120	g
382	2315	120	g
383	2345	120	g
# 22:30 hr quickie group (complete)
384	2235	30	g
385	2240	30
386	2250	30	g
387	2255	30
388	2230	25	g
#389	2235	30 Check this one
389	2235	25	S
390	2240	25	g
391	2245	25	g
392	2250	25	g
393	2255	25	g
394	2230	20	g
395	2235	20	g
396	2240	20	g
397	2245	20	g
398	2250	20
399	2255	20	g
400	2230	15	g
401	2235	15	g
402	2240	15
403	2245	15	g
404	2250	15
405	2255	15	g
406	2230	10	g
407	2235	10	g
408	2240	10	g
409	2245	10	g
410	2250	10	g
411	2255	10	g
412	2230	5	g
413	2235	5	g
414	2240	5	g
415	2245	5	g
416	2250	5	g
417	2255	5	g
# 23:00 hr quickie group (complete)
418	2305	30	g
419	2310	30
420	2320	30
421	2325	30	g
422	2300	25	g
423	2305	25	g
424	2310	25	g
425	2315	25	g
426	2320	25	g
427	2325	25	g
428	2300	20
429	2305	20
430	2310	20
431	2315	20	g
432	2320	20	g
433	2325	20	g
434	2300	15
435	2305	15	g
436	2310	15	g
437	2315	15	g
438	2320	15	g
439	2325	15
440	2300	10	g
441	2305	10	g
442	2310	10	g
443	2315	10	g
444	2320	10	g
445	2325	10	g
446	2300	5	g
447	2305	5	g
448	2310	5	g
449	2315	5
450	2320	5	g
451	2325	5
# 23:30 hr quickie group (complete)
452	2335	30	g
453	2340	30	g
454	2350	30
455	2355	30
456	2330	25
457	2335	25	g
458	2340	25	g
459	2345	25	g
460	2350	25	g
461	2355	25	g
462	2330	20
463	2335	20	g
464	2340	20	g
465	2345	20	g
466	2350	20	g
467	2355	20	g
468	2330	15	g
469	2335	15	g
470	2340	15	g
471	2345	15	g
472	2350	15
473	2355	15	g
474	2330	10	g
475	2335	10	g
476	2340	10	g
477	2345	10	g
478	2350	10	g
479	2355	10	g
480	2330	5	g
481	2335	5	g
482	2340	5	g
483	2345	5	g
484	2350	5	g
485	2355	5	g
# 19:30 hr longie group (complete)
486	1935	90	g
487	1940	90	g
488	1950	90	g
489	1955	90	g
490	1930	85
491	1935	85	g
492	1940	85	g
493	1945	85	g
494	1950	85	g
495	1955	85	g
496	1930	80	g
497	1935	80	g
498	1940	80	g
499	1945	80	g
500	1950	80	g
501	1955	80	g
502	1930	75	g
503	1935	75	g
504	1940	75	g
505	1945	75	g
506	1950	75	g
507	1955	75	g
508	1930	70	g
509	1935	70	g
510	1940	70	g
511	1945	70	g
512	1950	70	g
513	1955	70	g
514	1930	65	g
515	1935	65	g
516	1940	65	g
517	1945	65	g
518	1950	65	g
519	1955	65	g
# 23:00 hr longie group (complete)
520	2305	90	g
521	2310	90	g
522	2320	90	g
523	2325	90	g
524	2300	85	g
525	2305	85	g
526	2310	85	g
527	2315	85	g
528	2320	85	g
529	2325	85	g
530	2300	80	g
531	2305	80	g
532	2310	80	g
533	2315	80	g
534	2320	80	g
535	2325	80	g
536	2300	75	g
537	2305	75	g
538	2310	75	g
539	2315	75	g
540	2320	75	g
541	2325	75	g
542	2300	70	g
543	2305	70	g
544	2310	70	g
545	2315	70	g
546	2320	70	g
547	2325	70	g
548	2300	65
549	2305	65
550	2310	65	g
551	2315	65	g
552	2320	65	g
553	2325	65	g
# 23:30 hr longie group (complete)
554	2335	90
555	2340	90
556	2350	90	g
557	2355	90	g
558	2330	85	g
559	2335	85
560	2340	85	g
561	2345	85	g
562	2350	85	g
563	2355	85	g
564	2330	80	g
565	2335	80	g
566	2340	80	g
567	2345	80	g
568	2350	80
569	2355	80	g
570	2330	75	g
571	2335	75	g
572	2340	75	g
573	2345	75	g
574	2350	75	g
575	2355	75	g
576	2330	70	g
577	2335	70	g
578	2340	70	g
579	2345	70	g
580	2350	70	g
581	2355	70	g
582	2330	65	g
583	2335	65	g
584	2340	65	g
585	2345	65	g
586	2350	65	g
587	2355	65	g
# Not-too-late movie (21:30 ish) section (complete)
588	2135	120	g
589	2140	120	g
590	2150	120	g
591	2155	120	
592	2130	115	g
593	2135	115	g
594	2140	115	g
595	2145	115	g
596	2150	115	g
597	2155	115	g
598	2130	110	g
599	2135	110	g
600	2140	110	g
601	2145	110	g
602	2150	110	g
603	2155	110	g
604	2130	105	g
605	2135	105	g
606	2140	105	g
607	2145	105	g
608	2150	105	g
609	2155	105	g
610	2130	100	g
611	2135	100	g
612	2140	100	g
613	2145	100	g
614	2150	100	g
615	2155	100	g
616	2130	95	g
617	2135	95	g
618	2140	95	g
619	2145	95	g
620	2150	95	g
621	2155	95	g
# Late movie (22:00 ish) section (complete)
622	2205	120
623	2210	120	g
624	2220	120
625	2225	120	g
626	2200	115
627	2205	115
628	2210	115	g
629	2215	115	g
630	2220	115	g
631	2225	115	g
632	2200	110
633	2205	110	g
634	2210	110
635	2215	110	g
636	2220	110	g
637	2225	110	g
638	2200	105	g
639	2205	105	g
640	2210	105	g
641	2215	105
642	2220	105	g
643	2225	105	g
644	2200	100
645	2205	100	g
646	2210	100
647	2215	100	g
648	2220	100	g
649	2225	100	g
650	2200	95
651	2205	95	g
652	2210	95	g
653	2215	95	g
654	2220	95	g
655	2225	95	g
# What happened to the 22:30 ish movie section?
# Really late movie (23:00 ish) section (complete)
656	2305	120	g
657	2310	120	g
658	2320	120	g
659	2325	120	g
660	2300	115
661	2305	115	g
662	2310	115	g
663	2315	115	g
664	2320	115	g
665	2325	115	g
666	2300	110	g
667	2305	110	g
668	2310	110	g
669	2315	110	g
670	2320	110	g
671	2325	110	g
672	2300	105
673	2305	105	g
674	2310	105	g
675	2315	105	g
676	2320	105
677	2325	105	g
678	2300	100
679	2305	100	g
680	2310	100	g
681	2315	100	g
682	2320	100	g
683	2325	100	g
684	2300	95
685	2305	95	g
686	2310	95	g
687	2315	95
688	2320	95	g
689	2325	95	g
# Really really late movie (23:30 ish) section (complete)
690	2335	120	g
691	2340	120	g
692	2350	120	g
693	2355	120	g
694	2330	115	g
695	2335	115	g
696	2340	115	g
697	2345	115	g
698	2350	115	g
699	2355	115	g
700	2330	110	g
701	2335	110	g
702	2340	110
703	2345	110	g
704	2350	110	g
705	2355	110	g
706	2330	105	g
707	2335	105
708	2340	105	g
709	2345	105	g
710	2350	105	g
711	2355	105	g
712	2330	100	g
713	2335	100	g
714	2340	100	g
715	2345	100	g
716	2350	100
717	2355	100	g
718	2330	95	g
719	2335	95	g
720	2340	95	g
721	2345	95	g
722	2350	95	g
723	2355	95	g
# Midnight movie section (complete)
724	5	120	g
725	10	120	g
726	20	120	g
727	25	120	g
728	0	115	g
729	5	115	g
730	10	115	g
731	15	115	g
732	20	115	g
733	25	115	g
734	0	110	g
735	5	110	g
736	10	110	g
737	15	110	g
738	20	110	g
739	25	110
740	0	105
741	5	105	g
742	10	105	g
743	15	105
744	20	105	g
745	25	105	g
746	0	100
747	5	100	g
748	10	100	g
749	15	100	g
750	20	100	g
751	25	100	g
752	0	95	g
753	5	95
754	10	95	g
755	15	95	g
756	20	95	g
757	25	95	g
# half past midnight movies section (complete)
758	35	120	g
759	40	120	g
760	50	120	g
761	55	120	g
762	30	115	g
763	35	115
764	40	115	g
765	45	115	g
766	50	115	g
767	55	115	g
768	30	110
769	35	110
770	40	110	g
771	45	110	g
772	50	110	g
773	55	110	g
774	30	105	g
775	35	105
776	40	105	g
777	45	105	g
778	50	105
779	55	105	g
780	30	100
781	35	100	g
782	40	100	g
783	45	100
784	50	100	g
785	55	100
786	30	95	g
787	35	95	g
788	40	95	g
789	45	95	g
790	50	95	g
791	55	95	g
# One in the morning movie section (complete)
792	105	120	g
793	110	120	g
794	120	120	g
795	125	120	g
796	100	115	g
797	105	115	g
798	110	115	g
799	115	115	g
800	120	115	g
801	125	115	g
802	100	110	g
803	105	110	g
804	110	110	g
805	115	110	g
806	120	110	g
807	125	110	g
808	100	105	g
809	105	105	g
810	110	105	g
811	115	105	g
812	120	105	g
813	125	105	g
814	100	100
815	105	100	g
816	110	100	g
817	115	100	g
818	120	100	g
819	125	100	g
820	100	95	g
821	105	95	g
822	110	95
823	115	95	g
824	120	95
825	125	95	g
# Half past one in the morning movies section (complete)
826	135	120	g
827	140	120	g
828	150	120
829	155	120	g
830	130	115	g
831	135	115	g
832	140	115	g
833	145	115	g
834	150	115	g
835	155	115	g
836	130	110	g
837	135	110	g
838	140	110	g
839	145	110	g
840	150	110	g
841	155	110	g
842	130	105	g
843	135	105	g
844	140	105	g
845	145	105	g
846	150	105	g
847	155	105	g
848	130	100	g
849	135	100	g
850	140	100	g
851	145	100	g
852	150	100	g
853	155	100	g
854	130	95
855	135	95	g
856	140	95	g
857	145	95	g
858	150	95	g
859	155	95	g
# 17:30 hr short progs group (complete)
860	1735	60	g
861	1740	60	g
862	1750	60	g
863	1755	60	g
864	1730	55	g
865	1735	55	g
866	1740	55	g
867	1745	55	g
868	1750	55	g
869	1755	55	g
870	1730	50	g
871	1735	50	g
872	1740	50	g
873	1745	50	g
874	1750	50	g
875	1755	50	g
876	1730	45	g
877	1735	45	g
878	1740	45	g
879	1745	45	g
880	1750	45	g
881	1755	45	g
882	1730	40	g
883	1735	40	g
884	1740	40	g
885	1745	40	g
886	1750	40	g
887	1755	40	g
888	1730	35	
889	1735	35	g
890	1740	35	g
891	1745	35	g
892	1750	35	g
893	1755	35	g
# 18:00 hr short progs group (complete)
894	1805	60	g
895	1810	60
896	1820	60	g
897	1825	60	g
898	1800	55	g
899	1805	55	g
900	1810	55	g
901	1815	55
902	1820	55	g
903	1825	55	g
904	1800	50
905	1805	50	g
906	1810	50
907	1815	50	g
908	1820	50	g
909	1825	50
910	1800	45	g
911	1805	45	g
912	1810	45	g
913	1815	45
914	1820	45	g
915	1825	45	g
916	1800	40	g
917	1805	40	g
918	1810	40	g
919	1815	40	g
920	1820	40	g
921	1825	40	g
922	1800	35	g
923	1805	35	g
924	1810	35	g
925	1815	35	g
926	1820	35	g
927	1825	35
# 18:30 hr short progs group (complete)
928	1835	60	g
929	1840	60	g
930	1850	60	g
931	1855	60	g
932	1830	55
933	1835	55	g
934	1840	55	g
935	1845	55	g
936	1850	55	g
937	1855	55	g
938	1830	50	g
939	1835	50	g
940	1840	50	g
941	1845	50	g
942	1850	50	g
943	1855	50	g
944	1830	45	g
945	1835	45	g
946	1840	45	g
947	1845	45	g
948	1850	45	g
949	1855	45	g
950	1830	40	g
951	1835	40	g
952	1840	40	g
953	1845	40	g
954	1850	40
955	1855	40	g
956	1830	35	g
957	1835	35	g
958	1840	35	g
959	1845	35	g
960	1850	35	g
961	1855	35	g
# 19:00 hr short progs group (complete)
962	1905	60	g
963	1910	60	g
964	1920	60	g
965	1925	60	g
966	1900	55
967	1905	55	g
968	1910	55
969	1915	55	g
970	1920	55	g
971	1925	55	g
972	1900	50
973	1905	50	g
974	1910	50	g
975	1915	50
976	1920	50	g
977	1925	50
978	1900	45	g
979	1905	45	g
980	1910	45
981	1915	45	g
982	1920	45	g
983	1925	45	g
984	1900	40
985	1905	40	g
986	1910	40	g
987	1915	40	g
988	1920	40
989	1925	40	g
990	1900	35	g
991	1905	35	g
992	1910	35	g
993	1915	35
994	1920	35	g
995	1925	35	g
# 19:30 hr short progs group (complete)
996	1935	60	g
997	1940	60	g
998	1950	60
999	1955	60	g
1000	1930	55	g
1001	1935	55	g
1002	1940	55	g
1003	1945	55	g
1004	1950	55	g
1005	1955	55	g
1006	1930	50
1007	1935	50	g
1008	1940	50
1009	1945	50	g
1010	1950	50	g
1011	1955	50	g
1012	1930	45	g
1013	1935	45	g
1014	1940	45	g
1015	1945	45
1016	1950	45	g
1017	1955	45	g
1018	1930	40
1019	1935	40	g
1020	1940	40	g
1021	1945	40	g
1022	1950	40	g
1023	1955	40
1024	1930	35	g
1025	1935	35	g
1026	1940	35	g
1027	1945	35	g
1028	1950	35	g
1029	1955	35	g
# 20:00 hr short progs group (complete)
1030	2005	60	g
1031	2010	60	g
1032	2020	60	g
1033	2025	60	g
1034	2000	55	g
1035	2005	55	g
1036	2010	55	g
1037	2015	55	g
1038	2020	55	g
1039	2025	55	g
1040	2000	50
1041	2005	50	g
1042	2010	50
1043	2015	50
1044	2020	50	g
1045	2025	50	g
1046	2000	45	g
1047	2005	45	g
1048	2010	45	g
1049	2015	45	g
1050	2020	45	g
1051	2025	45	g
1052	2000	40	g
1053	2005	40	g
1054	2010	40	g
1055	2015	40	g
1056	2020	40	g
1057	2025	40	g
1058	2000	35	g
1059	2005	35	g
1060	2010	35	g
1061	2015	35	g
#1062	2020	30 Check this one
1062	2020	35	S
1063	2025	35	g
# 20:30 hr short progs group (complete)
1064	2035	60
1065	2040	60	g
1066	2050	60
1067	2055	60	g
1068	2030	55	g
1069	2035	55	g
1070	2040	55	g
1071	2045	55	g
1072	2050	55
1073	2055	55	g
1074	2030	50	g
1075	2035	50	g
1076	2040	50	g
1077	2045	50	g
1078	2050	50	g
1079	2055	50
1080	2030	45	g
1081	2035	45	g
1082	2040	45	g
1083	2045	45	g
1084	2050	45	g
1085	2055	45	g
1086	2030	40	g
1087	2035	40	g
1088	2040	40	g
1089	2045	40	g
1090	2050	40	g
1091	2055	40	g
1092	2030	35	g
1093	2035	35	g
1094	2040	35	g
1095	2045	35	g
1096	2050	35	g
1097	2055	35
# 02:00 hr movies group (complete)
1098	205	120	g
1099	210	120	g
1100	220	120	g
1101	225	120	g
1102	200	115	g
1103	205	115	g
1104	210	115	g
1105	215	115	g
1106	220	115	g
1107	225	115	g
1108	200	110	g
1109	205	110	g
1110	210	110	g
1111	215	110	g
1112	220	110	g
1113	225	110	g
1114	200	105	g
1115	205	105	g
1116	210	105	g
1117	215	105	g
1118	220	105	g
1119	225	105	g
1120	200	100	g
1121	205	100	g
1122	210	100	g
1123	215	100	g
1124	220	100	
1125	225	100	g
1126	200	95	g
1127	205	95	g
1128	210	95	g
1129	215	95	g
1130	220	95	g
1131	225	95	g
# 02:30 hr movies group (complete)
1132	235	120	g
1133	240	120	g
1134	250	120	g
1135	255	120	g
1136	230	115	g
1137	235	115	g
1138	240	115	g
1139	245	115	g
1140	250	115	g
1141	255	115	g
1142	230	110	g
1143	235	110	g
1144	240	110	g
1145	245	110	g
1146	250	110	g
1147	255	110	g
1148	230	105	g
1149	235	105	g
1150	240	105	g
1151	245	105	g
1152	250	105	g
1153	255	105	g
1154	230	100
1155	235	100
1156	240	100	g
1157	245	100	g
1158	250	100
1159	255	100	g
1160	230	95	g
1161	235	95	g
1162	240	95	g
1163	245	95	g
1164	250	95	g
1165	255	95
# 03:00 hr movies group (complete)
1166	305	120	g
1167	310	120	g
1168	320	120	g
1169	325	120	g
1170	300	115	g
1171	305	115	g
1172	310	115	g
1173	315	115	g
1174	320	115	g
1175	325	115	g
1176	300	110	g
1177	305	110	g
1178	310	110
1179	315	110	g
1180	320	110	g
1181	325	110	g
1182	300	105	g
1183	305	105	g
1184	310	105	g
1185	315	105	g
1186	320	105	g
1187	325	105	g
1188	300	100	g
1189	305	100	g
1190	310	100	g
1191	315	100	g
1192	320	100	g
1193	325	100	g
1194	300	95	g
1195	305	95	g
1196	310	95	g
1197	315	95	g
1198	320	95	g
1199	325	95	g
# 03:35 hr short progs group (complete)
1200	335	60	g
1201	340	60	g
1202	350	60	g
1203	355	60	g
1204	330	55	g
1205	335	55	g
1206	340	55	g
1207	345	55	g
1208	350	55	g
1209	355	55	g
1210	330	50	g
1211	335	50	g
1212	340	50	g
1213	345	50	g
1214	350	50
1215	355	50	g
1216	330	45	g
1217	335	45	g
1218	340	45	g
1219	345	45	g
1220	350	45	g
1221	355	45	g
1222	330	40	g
1223	335	40	g
1224	340	40	g
1225	345	40	g
1226	350	40	g
1227	355	40	g
1228	330	35	g
1229	335	35	g
1230	340	35	g
1231	345	35	g
1232	350	35	g
1233	355	35	g
# 04:00 hr movies group (complete)
1234	405	120	g
1235	410	120	g
1236	420	120	g
1237	425	120	g
1238	400	115	g
1239	405	115	g
1240	410	115	g
1241	415	115	g
1242	420	115	g
1243	425	115	g
1244	400	110	g
1245	405	110	g
1246	410	110
1247	415	110	g
1248	420	110	g
1249	425	110	g
1250	400	105	g
1251	405	105	g
1252	410	105	g
1253	415	105
1254	420	105	g
1255	425	105	g
1256	400	100	g
1257	405	100	g
1258	410	100	g
1259	415	100	g
1260	420	100	g
1261	425	100	g
1262	400	95	g
1263	405	95	g
1264	410	95	g
1265	415	95	g
1266	420	95	g
1267	425	95	
# 12:00 hr movies group (complete)
1268	1205	120	g
1269	1210	120	g
1270	1220	120	g
1271	1225	120	g
1272	1200	115	g
1273	1205	115	g
1274	1210	115	g
1275	1215	115	g
1276	1220	115	g
1277	1225	115	g
1278	1200	110	g
1279	1205	110	g
1280	1210	110	g
1281	1215	110	g
1282	1220	110	g
1283	1225	110	g
1284	1200	105	g
1285	1205	105	g
1286	1210	105	g
1287	1215	105	g
1288	1220	105	g
1289	1225	105	g
1290	1200	100	g
1291	1205	100	g
1292	1210	100
1293	1215	100	g
1294	1220	100	g
1295	1225	100	g
1296	1200	95	g
1297	1205	95	g
1298	1210	95	g
1299	1215	95	g
1300	1220	95	g
1301	1225	95	g
# 14:00 hr movies group (complete)
1302	1405	120	g
1303	1410	120	g
1304	1420	120	g
1305	1425	120	g
1306	1400	115
1307	1405	115
1308	1410	115	g
1309	1415	115	g
1310	1420	115	g
1311	1425	115	g
1312	1400	110
1313	1405	110	g
1314	1410	110	g
1315	1415	110	g
1316	1420	110	g
1317	1425	110	g
1318	1400	105
1319	1405	105	g
1320	1410	105	g
1321	1415	105	g
1322	1420	105	g
1323	1425	105	g
1324	1400	100	g
1325	1405	100	g
1326	1410	100	g
1327	1415	100	g
1328	1420	100	g
1329	1425	100	g
1330	1400	95
1331	1405	95	g
1332	1410	95	g
1333	1415	95
1334	1420	95	g
1335	1425	95	g
# 13:30 hr movies group (complete)
1336	1535	120	g
1337	1540	120	g
1338	1550	120	g
1339	1555	120	g
1340	1530	115	g
1341	1535	115	g
1342	1540	115	g
1343	1545	115	g
1344	1550	115	g
1345	1555	115	g
1346	1530	110	g
1347	1535	110	g
1348	1540	110	g
1349	1545	110	g
1350	1550	110	g
1351	1555	110	g
1352	1530	105	g
1353	1535	105	g
1354	1540	105	g
1355	1545	105
1356	1550	105	g
1357	1555	105	g
1358	1530	100	g
1359	1535	100	g
1360	1540	100	g
1361	1545	100	g
1362	1550	100
1363	1555	100	g
1364	1530	95
1365	1535	95	g
1366	1540	95	g
1367	1545	95	g
1368	1550	95	g
1369	1555	95	g
# 21:00 hr short progs group (complete)
1370	2105	60	g
1371	2110	60	g
1372	2120	60	g
1373	2125	60
1374	2100	55	g
1375	2105	55
1376	2110	55	g
1377	2115	55	g
1378	2120	55	g
1379	2125	55
1380	2100	50
1381	2105	50	g
1382	2110	50	g
1383	2115	50	g
1384	2120	50
1385	2125	50	g
1386	2100	45
1387	2105	45	g
1388	2110	45	g
1389	2115	45	g
1390	2120	45	g
1391	2125	45	g
1392	2100	40	g
1393	2105	40	g
1394	2110	40	g
1395	2115	40	g
1396	2120	40	g
1397	2125	40	g
1398	2100	35	g
1399	2105	35	g
1400	2110	35	g
1401	2115	35	g
1402	2120	35	g
1403	2125	35	g
# 21:30 hr short progs group (complete)
1404	2135	60	g
1405	2140	60	g
1406	2150	60	g
1407	2155	60	g
1408	2130	55
1409	2135	55	g
1410	2140	55	g
1411	2145	55	g
1412	2150	55
1413	2155	55	g
1414	2130	50
1415	2135	50	g
1416	2140	50	g
1417	2145	50	g
1418	2150	50	g
1419	2155	50	g
1420	2130	45
1421	2135	45	g
1422	2140	45	g
1423	2145	45	g
1424	2150	45	g
1425	2155	45	g
1426	2130	40
1427	2135	40	g
1428	2140	40	g
1429	2145	40	g
1430	2150	40	g
1431	2155	40	g
1432	2130	35	g
1433	2135	35	g
1434	2140	35	g
1435	2145	35	g
1436	2150	35	g
1437	2155	35	g
# 22:00 hr short progs group (complete)
1438	2205	60	g
1439	2210	60	g
1440	2220	60	g
1441	2225	60	g
1442	2200	55
1443	2205	55	g
1444	2210	55	g
1445	2215	55	g
1446	2220	55	g
1447	2225	55	g
1448	2200	50
1449	2205	50	g
1450	2210	50	g
1451	2215	50	g
1452	2220	50	g
1453	2225	50	g
1454	2200	45	g
1455	2205	45	g
1456	2210	45	g
1457	2215	45	g
1458	2220	45	g
1459	2225	45	g
1460	2200	40
1461	2205	40	g
1462	2210	40	g
1463	2215	40	g
1464	2220	40
1465	2225	40	g
1466	2200	35	g
1467	2205	35	g
1468	2210	35	g
1469	2215	35	g
1470	2220	35	g
1471	2225	35	g
# 22:30 hr short progs group (complete)
1472	2235	60	g
1473	2240	60
1474	2250	60
1475	2255	60
1476	2200	55	g
1477	2205	55	g
1478	2210	55	g
1479	2215	55	g
1480	2220	55	g
1481	2225	55	g
1482	2230	50	g
1483	2235	50	g
1484	2240	50
1485	2245	50	g
1486	2250	50	g
1487	2255	50	g
1488	2230	45
1489	2235	45	g
1490	2240	45
1491	2245	45	g
1492	2250	45	g
1493	2255	45	g
1494	2230	40	g
1495	2235	40	g
1496	2240	40	g
1497	2245	40	g
1498	2250	40	g
1499	2255	40	g
1500	2230	35
1501	2235	35	g
1502	2240	35	g
1503	2245	35	g
1504	2250	35	g
1505	2255	35	g
# 23:00 hr short progs group (complete)
1506	2305	60	
1507	2310	60	
1508	2320	60	g
1509	2325	60
1510	2300	55	g
1511	2305	55	g
1512	2310	55	g
1513	2315	55	g
1514	2320	55	g
1515	2325	55	g
1516	2300	50	g
1517	2305	50	g
1518	2310	50	g
1519	2315	50
1520	2320	50	g
1521	2325	50	g
1522	2300	45	g
1523	2305	45	g
1524	2310	45
1525	2315	45	g
1526	2320	45	g
1527	2325	45	g
1528	2300	40	g
1529	2305	40	g
1530	2310	40	g
1531	2315	40
1532	2320	40
1533	2325	40	g
1534	2300	35
1535	2305	35	g
1536	2310	35	g
1537	2315	35	g
1538	2320	35	g
1539	2325	35	g
# 23:30 hr short progs group (complete)
1540	2335	60	g
1541	2340	60
1542	2350	60
1543	2355	60	g
1544	2330	55	g
1545	2335	55
1546	2340	55
1547	2345	55	g
1548	2350	55	g
1549	2355	55	g
1550	2330	50	g
1551	2335	50	g
1552	2340	50	g
1553	2345	50	g
1554	2350	50	g
1555	2355	50	g
1556	2330	45	g
1557	2335	45	g
1558	2340	45	g
1559	2345	45	g
1560	2350	45	g
1561	2355	45	g
1562	2330	40	g
1563	2335	40	g
1564	2340	40	g
1565	2345	40	g
1566	2350	40
1567	2355	40
1568	2330	35
1569	2335	35	g
1570	2340	35	g
1571	2345	35	g
1572	2350	35	g
1573	2355	35
# 17:30 hr quickie group (complete)
1574	1735	30	g
1575	1740	30
1576	1750	30	g
1577	1755	30
1578	1730	25	g
1579	1735	25
1580	1740	25	g
1581	1745	25	g
1582	1750	25	g
1583	1755	25	g
1584	1730	20	g
1585	1735	20	g
1586	1740	20
1587	1745	20	g
1588	1750	20	g
1589	1755	20	g
1590	1730	15
1591	1735	15	g
1592	1740	15	g
1593	1745	15	g
1594	1750	15	g
1595	1755	15	g
1596	1730	10	g
1597	1735	10	g
1598	1740	10	g
1599	1745	10
1600	1750	10
1601	1755	10	g
1602	1730	5	g
1603	1735	5	g
1604	1740	5	g
1605	1745	5	g
1606	1750	5
1607	1755	5	g
# 18:00 hr quickie group (complete)
1608	1805	30	g
1609	1810	30	g
1610	1820	30	g
1611	1825	30	g
1612	1800	25
1613	1805	25	g
1614	1810	25	g
1615	1815	25	g
1616	1820	25	g
1617	1825	25	g
1618	1800	20	g
1619	1805	20	g
1620	1810	20	g
1621	1815	20	g
1622	1820	20	g
1623	1825	20	g
1624	1800	15
1625	1805	15	g
1626	1810	15
1627	1815	15
1628	1820	15	g
1629	1825	15	g
1630	1800	10
1631	1805	10	g
1632	1810	10	g
1633	1815	10	g
1634	1820	10
1635	1825	10	g
1636	1800	5
1637	1805	5	g
1638	1810	5	g
1639	1815	5
1640	1820	5	g
1641	1825	5	g
# 18:30 hr quickie group (complete)
1642	1835	30	g
1643	1840	30	g
1644	1850	30
1645	1855	30	g
1646	1830	25	g
1647	1835	25
1648	1840	25	g
1649	1845	25	g
1650	1850	25	g
1651	1855	25	g
1652	1830	20	g
1653	1835	20	g
1654	1840	20	g
1655	1845	20	g
1656	1850	20	g
1657	1855	20	g
1658	1830	15	g
1659	1835	15	g
1660	1840	15	g
1661	1845	15	g
1662	1850	15	g
1663	1855	15	g
1664	1830	10	g
1665	1835	10	g
1666	1840	10	g
1667	1845	10	g
1668	1850	10	g
1669	1855	10	g
1670	1830	5
1671	1835	5	g
1672	1840	5	g
1673	1845	5	g
1674	1850	5	g
1675	1855	5	g
# 19:00 hr quickie group (complete)
1676	1905	30	g
1677	1910	30	g
1678	1920	30
1679	1925	30	g
1680	1900	25	g
1681	1905	25	g
1682	1910	25	g
1683	1915	25	g
1684	1920	25	g
1685	1925	25	g
1686	1900	20
1687	1905	20	g
1688	1910	20	g
1689	1915	20	g
1690	1920	20	g
1691	1925	20	g
1692	1900	15
1693	1905	15	g
1694	1910	15	g
1695	1915	15	g
1696	1920	15	g
1697	1925	15	g
1698	1900	10	g
1699	1905	10	g
1700	1910	10	g
1701	1915	10	g
1702	1920	10	g
1703	1925	10	g
1704	1900	5	g
1705	1905	5	g
1706	1910	5	g
1707	1915	5	g
1708	1920	5	g
1709	1925	5	g
# 19:30 hr quickie group (complete)
1710	1935	30	g
1711	1940	30	g
1712	1950	30	g
1713	1955	30	g
1714	1930	25	g
1715	1935	25	g
1716	1940	25	g
1717	1945	25	g
1718	1950	25	g
1719	1955	25	g
1720	1930	20	g
1721	1935	20	g
1722	1940	20
1723	1945	20	g
1724	1950	20	g
1725	1955	20	g
1726	1930	15	g
1727	1935	15	g
1728	1940	15	g
1729	1945	15
1730	1950	15	g
1731	1955	15	g
1732	1930	10	g
1733	1935	10	g
1734	1940	10	g
1735	1945	10	g
1736	1950	10
1737	1955	10	g
1738	1930	5	g
1739	1935	5	g
1740	1940	5	g
1741	1945	5	g
1742	1950	5	g
1743	1955	5	g
# 20:00 hr quickie group (complete)
1744	2005	30
1745	2010	30	g
1746	2020	30
1747	2025	30	g
1748	2000	25	g
1749	2005	25	g
1750	2010	25	g
1751	2015	25	g
1752	2020	25	g
1753	2025	25	g
1754	2000	20	g
1755	2005	20	g
1756	2010	20	g
1757	2015	20	g
1758	2020	20	g
1759	2025	20	g
1760	2000	15	g
1761	2005	15	g
1762	2010	15	g
1763	2015	15	g
1764	2020	15	g
1765	2025	15	g
1766	2000	10	g
1767	2005	10	g
1768	2010	10	g
1769	2015	10	g
1770	2020	10	g
1771	2025	10	g
1772	2000	5	g
1773	2005	5	g
1774	2010	5	g
1775	2015	5	g
1776	2020	5	g
1777	2025	5	g
# 20:30 hr quickie group (complete)
1778	2035	30	g
1779	2040	30	g
1780	2050	30	g
1781	2055	30
1782	2030	25
1783	2035	25	g
1784	2040	25	g
1785	2045	25	g
1786	2050	25	g
1787	2055	25	g
1788	2030	20	g
1789	2035	20	g
1790	2040	20	g
1791	2045	20	g
1792	2050	20	g
1793	2055	20	g
1794	2030	15	g
1795	2035	15	g
1796	2040	15	g
1797	2045	15	g
1798	2050	15
1799	2055	15	g
1800	2030	10	g
1801	2035	10	g
1802	2040	10	g
1803	2045	10	g
1804	2050	10
1805	2055	10	g
1806	2030	5	g
1807	2035	5	g
1808	2040	5	g
1809	2045	5	g
1810	2050	5	g
1811	2055	5	g
# 21:00 hr quickie group (complete)
1812	2105	30	g
1813	2110	30	g
1814	2120	30	g
1815	2125	30	g
1816	2100	25
1817	2105	25	g
1818	2110	25	g
1819	2115	25	g
1820	2120	25	g
1821	2125	25	g
1822	2100	20	g
1823	2105	20
1824	2110	20
1825	2115	20	g
1826	2120	20	g
1827	2125	20	g
1828	2100	15	g
1829	2105	15	g
1830	2110	15	g
1831	2115	15	g
1832	2120	15	g
1833	2125	15	g
1834	2100	10	g
1835	2105	10	g
1836	2110	10	g
1837	2115	10	g
1838	2120	10	g
1839	2125	10	g
1840	2100	5	g
1841	2105	5	g
1842	2110	5	g
1843	2115	5	g
1844	2120	5	g
1845	2125	5
# 21:30 hr quickie group (complete)
1846	2135	30	g
1847	2140	30	g
1848	2150	30	g
1849	2155	30	g
1850	2130	25	g
1851	2135	25
1852	2140	25	g
1853	2145	25	g
1854	2150	25	g
1855	2155	25	g
1856	2130	20	g
1857	2135	20	g
1858	2140	20
1859	2145	20	g
1860	2150	20
1861	2155	20	g
1862	2130	15	g
1863	2135	15	g
1864	2140	15	g
1865	2145	15
1866	2150	15
1867	2155	15	g
1868	2130	10	g
1869	2135	10	g
1870	2140	10	g
1871	2145	10	g
1872	2150	10	g
1873	2155	10	g
1874	2130	5	g
1875	2135	5	g
1876	2140	5	g
1877	2145	5
1878	2150	5	g
1879	2155	5	g
# 22:00 hr quickie group (complete)
1880	2205	30	g
1881	2210	30
1882	2220	30	g
1883	2225	30	g
1884	2200	25	g
1885	2205	25	g
1886	2210	25	g
1887	2215	25	g
1888	2220	25	g
1889	2225	25
1890	2200	20	g
1891	2205	20	g
1892	2210	20	g
1893	2215	20	g
1894	2220	20	g
1895	2225	20	g
1896	2200	15
1897	2205	15	g
1898	2210	15	g
1899	2215	15
1900	2220	15	g
1901	2225	15	g
1902	2200	10	g
1903	2205	10	g
1904	2210	10	g
1905	2215	10	g
1906	2220	10
1907	2225	10	g
1908	2200	5
1909	2205	5	g
1910	2210	5	g
1911	2215	5	g
1912	2220	5	g
1913	2225	5	g
#
# In the American tables, this was index 192 onwards..
1914	2330	150
1915	2300	150
1916	2230	150
1917	2200	150
1918	2130	150
1919	2100	150
1920	2030	150
1921	2000	150
1922	1930	150
1923	1900	150
1924	1830	150
1925	1800	150
1926	1730	150
1927	1700	150
1928	1630	150
1929	1600	150
1930	1530	150
1931	1500	150
1932	1430	150
1933	1400	150
1934	1330	150
1935	1300	150
1936	1230	150
1937	1200	150
1938	1130	150
1939	1100	150
1940	1030	150
1941	1000	150
1942	930	150
1943	900	150
1944	830	150
1945	800	150
1946	730	150
1947	700	150
1948	630	150
1949	600	150
1950	530	150
1951	500	150
1952	430	150
1953	400	150
1954	330	150
1955	300	150
1956	230	150
1957	200	150
1958	130	150
1959	100	150
1960	30	150
1961	0	150
1962	2330	180
1963	2300	180
1964	2230	180
1965	2200	180
1966	2130	180
1967	2100	180
1968	2030	180
1969	2000	180
1970	1930	180
1971	1900	180
1972	1830	180
1973	1800	180
1974	1730	180
1975	1700	180
1976	1630	180
1977	1600	180
1978	1530	180
1979	1500	180
1980	1430	180
1981	1400	180
1982	1330	180
1983	1300	180
1984	1230	180
1985	1200	180
1986	1130	180
1987	1100	180
1988	1030	180
1989	1000	180
1990	930	180
1991	900	180
1992	830	180
1993	800	180
1994	730	180
1995	700	180
1996	630	180
1997	600	180
1998	530	180
1999	500	180
2000	430	180
2001	400	180
2002	330	180
2003	300	180
2004	230	180
2005	200	180
2006	130	180
2007	100	180
2008	30	180
2009	0	180
2010	2330	210
2011	2300	210
2012	2230	210
2013	2200	210
2014	2130	210
2015	2100	210
2016	2030	210
2017	2000	210
2018	1930	210
2019	1900	210
2020	1830	210
2021	1800	210
2022	1730	210
2023	1700	210
2024	1630	210
2025	1600	210
2026	1530	210
2027	1500	210
2028	1430	210
2029	1400	210
2030	1330	210
2031	1300	210
2032	1230	210
2033	1200	210
2034	1130	210
2035	1100	210
2036	1030	210
2037	1000	210
2038	930	210
2039	900	210
2040	830	210
2041	800	210
2042	730	210
2043	700	210
2044	630	210
2045	600	210
2046	530	210
2047	500	210
# 7-digit codes start here
2048	430	210
2049	400	210
2050	330	210
2051	300	210
2052	230	210
2053	200	210
2054	130	210
2055	100	210
2056	30	210
2057	0	210
2058	2330	240
2059	2300	240
2060	2230	240
2061	2200	240
2062	2130	240
2063	2100	240
2064	2030	240
2065	2000	240
2066	1930	240
2067	1900	240
2068	1830	240
2069	1800	240
2070	1730	240
2071	1700	240
2072	1630	240
2073	1600	240
2074	1530	240
2075	1500	240
2076	1430	240
2077	1400	240
2078	1330	240
2079	1300	240
2080	1230	240
2081	1200	240
2082	1130	240
2083	1100	240
2084	1030	240
2085	1000	240
2086	930	240
2087	900	240
2088	830	240
2089	800	240
2090	730	240
2091	700	240
2092	630	240
2093	600	240
2094	530	240
2095	500	240
2096	430	240
2097	400	240
2098	330	240
2099	300	240
2100	230	240
2101	200	240
2102	130	240
2103	100	240
2104	30	240
2105	0	240
2106	2330	270
2107	2300	270
2108	2230	270
2109	2200	270
2110	2130	270
2111	2100	270
2112	2030	270
2113	2000	270
2114	1930	270
2115	1900	270
2116	1830	270
2117	1800	270
2118	1730	270
2119	1700	270
2120	1630	270
2121	1600	270
2122	1530	270
2123	1500	270
2124	1430	270
2125	1400	270
2126	1330	270
2127	1300	270
2128	1230	270
2129	1200	270
2130	1130	270
2131	1100	270
2132	1030	270
2133	1000	270
2134	930	270
2135	900	270
2136	830	270
2137	800	270
2138	730	270
2139	700	270
2140	630	270
2141	600	270
2142	530	270
2143	500	270
2144	430	270
2145	400	270
2146	330	270
2147	300	270
2148	230	270
2149	200	270
2150	130	270
2151	100	270
2152	30	270
2153	0	270
2154	2330	300
2155	2300	300
2156	2230	300
2157	2200	300
2158	2130	300
2159	2100	300
2160	2030	300
2161	2000	300
2162	1930	300
2163	1900	300
2164	1830	300
2165	1800	300
2166	1730	300
2167	1700	300
2168	1630	300
2169	1600	300
2170	1530	300
2171	1500	300
2172	1430	300
2173	1400	300
2174	1330	300
2175	1300	300
2176	1230	300
2177	1200	300
2178	1130	300
2179	1100	300
2180	1030	300
2181	1000	300
2182	930	300
2183	900	300
2184	830	300
2185	800	300
2186	730	300
2187	700	300
2188	630	300
2189	600	300
2190	530	300
2191	500	300
2192	430	300
2193	400	300
2194	330	300
2195	300	300
2196	230	300
2197	200	300
2198	130	300
2199	100	300
2200	30	300
2201	0	300
