GKW DE MKP 4925KCS 230634T USM-99/00071
2015 8823 0515 8943 7263 6625 9399 7528

95459 39028 18861 13145 04423 84628 19565 95679 78565 69618
46281 33486 46414 83491 81284 94684 46164 64860 27884 13145
03934 23169 25844 23846 28175 75456 77715 65622 22481 60643
11812 84948 58241 74171 27315 22621 07355 42143 27365 65226
21073 65752 26210 73659 56222 24817 38565 22621 07328 42857
58241 74171 23339 02815 10684 30284 22384 99164 02242 34232
19074 94679 78585 70049 08462 81942 36252 12825 49284 04786
39203 22583 30000 95459 39028
