HZY DE MKP 7320KCS 231124T USM-99/00180
5036 0423 1000 2110 8820 6625 6473 9028

95459 06843 02842 23840 27884 42926 31692 31402 24234 23219
07494 98298 09929 70825 01813 38374 29214 54374 49484 16793
11666 49639 21411 97479 91660 84190 13329 90445 81668 64104
25142 92631 69231 30697 44423 84667 44535 67976 96184 66746
52560 44617 44449 70825 01813 39322 31158 94043 99482 76664
26213 21841 34022 42342 32190 74943 39980 12393 22311 58948
39264 64661 46270 74574 27328 42281 30250 99816 39214 11589
43899 80811 23223 11589 48392 64646 66044 79693 94232 78230
19448 74705 73942 16829 20417 44211 32282 58000 95459 06843
