PSD DE MKP 4925KCS 231916T USM-99/00313
3026 2623 1830 9942 0611 6625 1243 8624

95459 65982 84285 42128 24064 31194 79044 28613 88414 51745
77292 82107 93672 16608 41901 16095 46647 32047 80481 64131
24312 82239 04233 27218 02364 54732 81243 61949 44423 84667
43857 72928 21071 39664 73269 22421 70042 33266 46084 84286
97494 83926 46491 24129 28406 42922 98090 04945 10411 61266
46902 12825 65757 72928 21079 09048 12949 60019 25873 28428
39264 64194 79147 27547 68291 01993 01423 32724 79404 12825
89482 72862 31047 30697 45124 12120 45772 92821 07936 14041
40481 29496 00192 58000 95459 65982
