FBP DE FHI 7510KCS 230851T USM-99/00106
8536 1223 0600 6530 5445 6869 5447 8222

28082 50021 00464 81416 57350 13735 44500 21648 73544 76166
10723 71560 44106 40427 05483 26237 15602 94761 66422 41423
71560 44106 40426 32061 48488 20617 31194 06404 51748 82061
73526 17354 95664 87354 26957 65261 73549 56320 86062 64219
42557 64924 21492 40603 91165 26237 15641 43263 27221 37120
62191 12262 54826 51144 37531 04411 22735 69217 11624 83731
29304 47941 65692 10492 11652 63625 44343 41957 95674 23328
62354 44215 62262 53040 22214 19087 55418 44134 06126 53200
28082 50021
