FBP DE FHI 7510KCS 230836T USM-99/00105
8526 1223 0600 0121 7803 6869 5447 9622

28082 50021 00464 81416 57350 13735 44214 41648 73714 03601
56903 82063 58419 40811 64874 48308 35154 12142 51323 56612
02513 44215 21853 82061 73259 23715 60501 19598 14642 30592
25269 20426 33183 26492 40220 83120 79270 11940 65542 62534
42123 73122 54476 16225 12371 56039 03141 32061 73119 40650
02132 06173 54827 42371 56029 47616 95964 01237 15604 14211
23314 60612 65382 06173 11940 64376 21237 15603 46192 81108
11904 62872 38610 04411 22663 51229 03349 02371 56029 47615
21224 13206 17303 84930 33154 30449 85402 13243 37347 92145
60413 12331 92882 06173 28082 50021
