PSD DE MKP 7320KCS 230849T USM-99/00117
3015 9123 0620 3731 3456 6625 1243 7024

28082 22132 65415 26226 12240 94462 06579 51742 15760 34468
04647 65414 92116 34847 63295 26244 49204 40333 01251 16533
72431 51269 56253 10444 21123 31244 82655 26351 04403 92942
85416 41362 14091 40151 15542 15624 40218 53820 61732 59126
43755 00463 26344 21712 05765 42423 32862 35444 21575 11959
83083 62566 10530 15604 01341 48736 95765 26079 30812 62624
07226 36911 22664 87492 42313 70012 21326 53200 28082 22132
