MKP DE GKW 6100KCS 231420T USM-99/00243
3538 2623 1245 3731 2664 9893 5762 7624

50505 97483 76807 37527 05989 69668 97549 35857 97490 59691
95247 58919 19825 97096 74697 24737 32987 05293 24799 79062
96985 97479 77687 49067 39369 89659 10473 75777 74209 88934
27960 33974 80698 85919 88744 75279 57373 69558 75799 95210
10129 16059 11111 91597 57999 52389 19873 77609 79098 89577
60249 63198 73570 58988 95047 96945 97964 73539 97488 69873
73689 75387 89896 96397 74206 87491 57059 64777 95807 39879
79591 98605 96743 80000 50505 97483
