GKW DE MKP 3440KCS 231947T USM-99/00314
2066 2623 1830 2750 9054 6625 9399 9632

50505 17376 89111 89159 79059 64879 69880 58689 75493 79404
27059 09897 96573 98809 09873 97479 79689 19873 84099 59889
57724 77529 67457 25977 50591 38673 63973 75960 32685 72975
73738 75799 95249 37059 09897 96573 63999 59889 59156 91969
88591 38696 96974 79796 89152 73789 89696 06945 98797 95919
86057 30577 73047 79669 75696 96915 93597 09870 57059 09897
96573 98847 75260 98895 97489 19803 33268 91789 89696 79698
80698 86372 98970 68913 14247 59590 98873 77597 03373 97905
91759 65988 42915 20494 55777 05909 89796 57398 80477 47752
60988 95974 89198 03300 50505 17376
